# chassis phi, chassis x, chassis y, J1, J2, J3, J4, J5, W1, W2, W3, W4
1.000000,0.000000,0.000000,0.000000,1.000000,0.000000,0.000000,0.000000,1.000000,0.199200,0.000000,0.753500,0.000000
1.000000,0.000000,0.000006,0.000000,1.000000,0.000000,-0.000006,0.000000,1.000000,0.199202,0.000000,0.753499,0.000000
1.000000,0.000000,0.000049,0.000000,1.000000,0.000000,-0.000049,0.000000,1.000000,0.199212,0.000000,0.753489,0.000000
1.000000,0.000000,0.000163,0.000000,1.000000,0.000000,-0.000163,0.000000,1.000000,0.199241,0.000000,0.753464,0.000000
1.000000,0.000000,0.000382,0.000000,1.000000,0.000000,-0.000382,0.000000,1.000000,0.199295,0.000000,0.753416,0.000000
1.000000,0.000000,0.000739,0.000000,1.000000,0.000000,-0.000739,0.000000,1.000000,0.199385,0.000000,0.753338,0.000000
0.999999,0.000000,0.001264,0.000000,1.000000,0.000000,-0.001264,0.000000,0.999999,0.199516,0.000000,0.753223,0.000000
0.999998,0.000000,0.001988,0.000000,1.000000,0.000000,-0.001988,0.000000,0.999998,0.199697,0.000000,0.753064,0.000000
0.999996,0.000000,0.002938,0.000000,1.000000,0.000000,-0.002938,0.000000,0.999996,0.199934,0.000000,0.752856,0.000000
0.999991,0.000000,0.004142,0.000000,1.000000,0.000000,-0.004142,0.000000,0.999991,0.200235,0.000000,0.752592,0.000000
0.999984,0.000000,0.005625,0.000000,1.000000,0.000000,-0.005625,0.000000,0.999984,0.200605,0.000000,0.752267,0.000000
0.999973,0.000000,0.007412,0.000000,1.000000,0.000000,-0.007412,0.000000,0.999973,0.201052,0.000000,0.751876,0.000000
0.999955,0.000000,0.009525,0.000000,1.000000,0.000000,-0.009525,0.000000,0.999955,0.201580,0.000000,0.751413,0.000000
0.999928,0.000000,0.011987,0.000000,1.000000,0.000000,-0.011987,0.000000,0.999928,0.202195,0.000000,0.750873,0.000000
0.999890,0.000000,0.014819,0.000000,1.000000,0.000000,-0.014819,0.000000,0.999890,0.202903,0.000000,0.750252,0.000000
0.999837,0.000000,0.018041,0.000000,1.000000,0.000000,-0.018041,0.000000,0.999837,0.203707,0.000000,0.749546,0.000000
0.999765,0.000000,0.021669,0.000000,1.000000,0.000000,-0.021669,0.000000,0.999765,0.204614,0.000000,0.748751,0.000000
0.999669,0.000000,0.025722,0.000000,1.000000,0.000000,-0.025722,0.000000,0.999669,0.205627,0.000000,0.747862,0.000000
0.999543,0.000000,0.030215,0.000000,1.000000,0.000000,-0.030215,0.000000,0.999543,0.206750,0.000000,0.746877,0.000000
0.999382,0.000000,0.035164,0.000000,1.000000,0.000000,-0.035164,0.000000,0.999382,0.207987,0.000000,0.745792,0.000000
0.999176,0.000000,0.040581,0.000000,1.000000,0.000000,-0.040581,0.000000,0.999176,0.209342,0.000000,0.744604,0.000000
0.998919,0.000000,0.046479,0.000000,1.000000,0.000000,-0.046479,0.000000,0.998919,0.210817,0.000000,0.743310,0.000000
0.998601,0.000000,0.052870,0.000000,1.000000,0.000000,-0.052870,0.000000,0.998601,0.212415,0.000000,0.741908,0.000000
0.998213,0.000000,0.059762,0.000000,1.000000,0.000000,-0.059762,0.000000,0.998213,0.214140,0.000000,0.740395,0.000000
0.997742,0.000000,0.067165,0.000000,1.000000,0.000000,-0.067165,0.000000,0.997742,0.215993,0.000000,0.738769,0.000000
0.997177,0.000000,0.075087,0.000000,1.000000,0.000000,-0.075087,0.000000,0.997177,0.217977,0.000000,0.737029,0.000000
0.996505,0.000000,0.083533,0.000000,1.000000,0.000000,-0.083533,0.000000,0.996505,0.220094,0.000000,0.735172,0.000000
0.995712,0.000000,0.092508,0.000000,1.000000,0.000000,-0.092508,0.000000,0.995712,0.222345,0.000000,0.733197,0.000000
0.994783,0.000000,0.102017,0.000000,1.000000,0.000000,-0.102017,0.000000,0.994783,0.224732,0.000000,0.731104,0.000000
0.993701,0.000000,0.112062,0.000000,1.000000,0.000000,-0.112062,0.000000,0.993701,0.227256,0.000000,0.728890,0.000000
0.992451,0.000000,0.122643,0.000000,1.000000,0.000000,-0.122643,0.000000,0.992451,0.229918,0.000000,0.726555,0.000000
0.991014,0.000000,0.133760,0.000000,1.000000,0.000000,-0.133760,0.000000,0.991014,0.232719,0.000000,0.724098,0.000000
0.989371,0.000000,0.145412,0.000000,1.000000,0.000000,-0.145412,0.000000,0.989371,0.235659,0.000000,0.721519,0.000000
0.987504,0.000000,0.157595,0.000000,1.000000,0.000000,-0.157595,0.000000,0.987504,0.238738,0.000000,0.718818,0.000000
0.985391,0.000000,0.170305,0.000000,1.000000,0.000000,-0.170305,0.000000,0.985391,0.241957,0.000000,0.715994,0.000000
0.983013,0.000000,0.183536,0.000000,1.000000,0.000000,-0.183536,0.000000,0.983013,0.245316,0.000000,0.713048,0.000000
0.980347,0.000000,0.197280,0.000000,1.000000,0.000000,-0.197280,0.000000,0.980347,0.248814,0.000000,0.709980,0.000000
0.977372,0.000000,0.211528,0.000000,1.000000,0.000000,-0.211528,0.000000,0.977372,0.252450,0.000000,0.706790,0.000000
0.974065,0.000000,0.226270,0.000000,1.000000,0.000000,-0.226270,0.000000,0.974065,0.256225,0.000000,0.703479,0.000000
0.970403,0.000000,0.241492,0.000000,1.000000,0.000000,-0.241492,0.000000,0.970403,0.260136,0.000000,0.700048,0.000000
0.966363,0.000000,0.257181,0.000000,1.000000,0.000000,-0.257181,0.000000,0.966363,0.264184,0.000000,0.696497,0.000000
0.961923,0.000000,0.273322,0.000000,1.000000,0.000000,-0.273322,0.000000,0.961923,0.268367,0.000000,0.692828,0.000000
0.957058,0.000000,0.289898,0.000000,1.000000,0.000000,-0.289898,0.000000,0.957058,0.272682,0.000000,0.689043,0.000000
0.951746,0.000000,0.306888,0.000000,1.000000,0.000000,-0.306888,0.000000,0.951746,0.277130,0.000000,0.685141,0.000000
0.945963,0.000000,0.324274,0.000000,1.000000,0.000000,-0.324274,0.000000,0.945963,0.281708,0.000000,0.681126,0.000000
0.939688,0.000000,0.342033,0.000000,1.000000,0.000000,-0.342033,0.000000,0.939688,0.286414,0.000000,0.676998,0.000000
0.932898,0.000000,0.360141,0.000000,1.000000,0.000000,-0.360141,0.000000,0.932898,0.291245,0.000000,0.672760,0.000000
0.925571,0.000000,0.378573,0.000000,1.000000,0.000000,-0.378573,0.000000,0.925571,0.296201,0.000000,0.668413,0.000000
0.917688,0.000000,0.397302,0.000000,1.000000,0.000000,-0.397302,0.000000,0.917688,0.301278,0.000000,0.663959,0.000000
0.909227,0.000000,0.416300,0.000000,1.000000,0.000000,-0.416300,0.000000,0.909227,0.306474,0.000000,0.659402,0.000000
0.900171,0.000000,0.435537,0.000000,1.000000,0.000000,-0.435537,0.000000,0.900171,0.311786,0.000000,0.654742,0.000000
0.890501,0.000000,0.454981,0.000000,1.000000,0.000000,-0.454981,0.000000,0.890501,0.317211,0.000000,0.649983,0.000000
0.880201,0.000000,0.474600,0.000000,1.000000,0.000000,-0.474600,0.000000,0.880201,0.322748,0.000000,0.645126,0.000000
0.869257,0.000000,0.494361,0.000000,1.000000,0.000000,-0.494361,0.000000,0.869257,0.328391,0.000000,0.640176,0.000000
0.857654,0.000000,0.514227,0.000000,1.000000,0.000000,-0.514227,0.000000,0.857654,0.334139,0.000000,0.635134,0.000000
0.845382,0.000000,0.534163,0.000000,1.000000,0.000000,-0.534163,0.000000,0.845382,0.339988,0.000000,0.630003,0.000000
0.832429,0.000000,0.554131,0.000000,1.000000,0.000000,-0.554131,0.000000,0.832429,0.345935,0.000000,0.624787,0.000000
0.818789,0.000000,0.574095,0.000000,1.000000,0.000000,-0.574095,0.000000,0.818789,0.351976,0.000000,0.619488,0.000000
0.804454,0.000000,0.594015,0.000000,1.000000,0.000000,-0.594015,0.000000,0.804454,0.358107,0.000000,0.614110,0.000000
0.789422,0.000000,0.613851,0.000000,1.000000,0.000000,-0.613851,0.000000,0.789422,0.364326,0.000000,0.608655,0.000000
0.773690,0.000000,0.633565,0.000000,1.000000,0.000000,-0.633565,0.000000,0.773690,0.370627,0.000000,0.603127,0.000000
0.757258,0.000000,0.653116,0.000000,1.000000,0.000000,-0.653116,0.000000,0.757258,0.377008,0.000000,0.597530,0.000000
0.740130,0.000000,0.672464,0.000000,1.000000,0.000000,-0.672464,0.000000,0.740130,0.383464,0.000000,0.591867,0.000000
0.722310,0.000000,0.691569,0.000000,1.000000,0.000000,-0.691569,0.000000,0.722310,0.389992,0.000000,0.586141,0.000000
0.703806,0.000000,0.710392,0.000000,1.000000,0.000000,-0.710392,0.000000,0.703806,0.396586,0.000000,0.580357,0.000000
0.684628,0.000000,0.728892,0.000000,1.000000,0.000000,-0.728892,0.000000,0.684628,0.403244,0.000000,0.574517,0.000000
0.664788,0.000000,0.747032,0.000000,1.000000,0.000000,-0.747032,0.000000,0.664788,0.409960,0.000000,0.568625,0.000000
0.644301,0.000000,0.764772,0.000000,1.000000,0.000000,-0.764772,0.000000,0.644301,0.416731,0.000000,0.562686,0.000000
0.623184,0.000000,0.782075,0.000000,1.000000,0.000000,-0.782075,0.000000,0.623184,0.423552,0.000000,0.556703,0.000000
0.601456,0.000000,0.798906,0.000000,1.000000,0.000000,-0.798906,0.000000,0.601456,0.430419,0.000000,0.550679,0.000000
0.579139,0.000000,0.815229,0.000000,1.000000,0.000000,-0.815229,0.000000,0.579139,0.437327,0.000000,0.544620,0.000000
0.556257,0.000000,0.831010,0.000000,1.000000,0.000000,-0.831010,0.000000,0.556257,0.444272,0.000000,0.538528,0.000000
0.532836,0.000000,0.846219,0.000000,1.000000,0.000000,-0.846219,0.000000,0.532836,0.451249,0.000000,0.532407,0.000000
0.508903,0.000000,0.860824,0.000000,1.000000,0.000000,-0.860824,0.000000,0.508903,0.458254,0.000000,0.526263,0.000000
0.484489,0.000000,0.874797,0.000000,1.000000,0.000000,-0.874797,0.000000,0.484489,0.465282,0.000000,0.520098,0.000000
0.459626,0.000000,0.888112,0.000000,1.000000,0.000000,-0.888112,0.000000,0.459626,0.472329,0.000000,0.513917,0.000000
0.434347,0.000000,0.900745,0.000000,1.000000,0.000000,-0.900745,0.000000,0.434347,0.479390,0.000000,0.507723,0.000000
0.408688,0.000000,0.912674,0.000000,1.000000,0.000000,-0.912674,0.000000,0.408688,0.486459,0.000000,0.501522,0.000000
0.382683,0.000000,0.923880,0.000000,1.000000,0.000000,-0.923880,0.000000,0.382683,0.493534,0.000000,0.495316,0.000000
0.356372,0.000000,0.934344,0.000000,1.000000,0.000000,-0.934344,0.000000,0.356372,0.500609,0.000000,0.489110,0.000000
0.329793,0.000000,0.944053,0.000000,1.000000,0.000000,-0.944053,0.000000,0.329793,0.507678,0.000000,0.482909,0.000000
0.302986,0.000000,0.952995,0.000000,1.000000,0.000000,-0.952995,0.000000,0.302986,0.514739,0.000000,0.476715,0.000000
0.275989,0.000000,0.961161,0.000000,1.000000,0.000000,-0.961161,0.000000,0.275989,0.521786,0.000000,0.470534,0.000000
0.248846,0.000000,0.968543,0.000000,1.000000,0.000000,-0.968543,0.000000,0.248846,0.528814,0.000000,0.464369,0.000000
0.221595,0.000000,0.975139,0.000000,1.000000,0.000000,-0.975139,0.000000,0.221595,0.535819,0.000000,0.458225,0.000000
0.194280,0.000000,0.980946,0.000000,1.000000,0.000000,-0.980946,0.000000,0.194280,0.542796,0.000000,0.452104,0.000000
0.166940,0.000000,0.985967,0.000000,1.000000,0.000000,-0.985967,0.000000,0.166940,0.549741,0.000000,0.446012,0.000000
0.139618,0.000000,0.990205,0.000000,1.000000,0.000000,-0.990205,0.000000,0.139618,0.556649,0.000000,0.439953,0.000000
0.112353,0.000000,0.993668,0.000000,1.000000,0.000000,-0.993668,0.000000,0.112353,0.563516,0.000000,0.433929,0.000000
0.085185,0.000000,0.996365,0.000000,1.000000,0.000000,-0.996365,0.000000,0.085185,0.570337,0.000000,0.427946,0.000000
0.058155,0.000000,0.998308,0.000000,1.000000,0.000000,-0.998308,0.000000,0.058155,0.577108,0.000000,0.422007,0.000000
0.031299,0.000000,0.999510,0.000000,1.000000,0.000000,-0.999510,0.000000,0.031299,0.583824,0.000000,0.416115,0.000000
0.004657,0.000000,0.999989,0.000000,1.000000,0.000000,-0.999989,0.000000,0.004657,0.590482,0.000000,0.410275,0.000000
-0.021737,0.000000,0.999764,0.000000,1.000000,0.000000,-0.999764,0.000000,-0.021737,0.597076,0.000000,0.404491,0.000000
-0.047847,0.000000,0.998855,0.000000,1.000000,0.000000,-0.998855,0.000000,-0.047847,0.603604,0.000000,0.398765,0.000000
-0.073639,0.000000,0.997285,0.000000,1.000000,0.000000,-0.997285,0.000000,-0.073639,0.610060,0.000000,0.393102,0.000000
-0.099083,0.000000,0.995079,0.000000,1.000000,0.000000,-0.995079,0.000000,-0.099083,0.616441,0.000000,0.387505,0.000000
-0.124147,0.000000,0.992264,0.000000,1.000000,0.000000,-0.992264,0.000000,-0.124147,0.622742,0.000000,0.381977,0.000000
-0.148803,0.000000,0.988867,0.000000,1.000000,0.000000,-0.988867,0.000000,-0.148803,0.628961,0.000000,0.376522,0.000000
-0.173025,0.000000,0.984917,0.000000,1.000000,0.000000,-0.984917,0.000000,-0.173025,0.635092,0.000000,0.371144,0.000000
-0.196786,0.000000,0.980446,0.000000,1.000000,0.000000,-0.980446,0.000000,-0.196786,0.641133,0.000000,0.365845,0.000000
-0.220065,0.000000,0.975485,0.000000,1.000000,0.000000,-0.975485,0.000000,-0.220065,0.647080,0.000000,0.360629,0.000000
-0.242840,0.000000,0.970066,0.000000,1.000000,0.000000,-0.970066,0.000000,-0.242840,0.652929,0.000000,0.355498,0.000000
-0.265092,0.000000,0.964223,0.000000,1.000000,0.000000,-0.964223,0.000000,-0.265092,0.658677,0.000000,0.350456,0.000000
-0.286803,0.000000,0.957990,0.000000,1.000000,0.000000,-0.957990,0.000000,-0.286803,0.664320,0.000000,0.345506,0.000000
-0.307959,0.000000,0.951400,0.000000,1.000000,0.000000,-0.951400,0.000000,-0.307959,0.669856,0.000000,0.340649,0.000000
-0.328546,0.000000,0.944488,0.000000,1.000000,0.000000,-0.944488,0.000000,-0.328546,0.675282,0.000000,0.335890,0.000000
-0.348552,0.000000,0.937289,0.000000,1.000000,0.000000,-0.937289,0.000000,-0.348552,0.680594,0.000000,0.331230,0.000000
-0.367968,0.000000,0.929838,0.000000,1.000000,0.000000,-0.929838,0.000000,-0.367968,0.685790,0.000000,0.326673,0.000000
-0.386786,0.000000,0.922170,0.000000,1.000000,0.000000,-0.922170,0.000000,-0.386786,0.690867,0.000000,0.322219,0.000000
-0.405000,0.000000,0.914317,0.000000,1.000000,0.000000,-0.914317,0.000000,-0.405000,0.695823,0.000000,0.317872,0.000000
-0.422606,0.000000,0.906314,0.000000,1.000000,0.000000,-0.906314,0.000000,-0.422606,0.700654,0.000000,0.313634,0.000000
-0.439600,0.000000,0.898193,0.000000,1.000000,0.000000,-0.898193,0.000000,-0.439600,0.705360,0.000000,0.309506,0.000000
-0.455983,0.000000,0.889989,0.000000,1.000000,0.000000,-0.889989,0.000000,-0.455983,0.709938,0.000000,0.305491,0.000000
-0.471753,0.000000,0.881730,0.000000,1.000000,0.000000,-0.881730,0.000000,-0.471753,0.714386,0.000000,0.301589,0.000000
-0.486914,0.000000,0.873450,0.000000,1.000000,0.000000,-0.873450,0.000000,-0.486914,0.718701,0.000000,0.297804,0.000000
-0.501467,0.000000,0.865177,0.000000,1.000000,0.000000,-0.865177,0.000000,-0.501467,0.722884,0.000000,0.294135,0.000000
-0.515418,0.000000,0.856939,0.000000,1.000000,0.000000,-0.856939,0.000000,-0.515418,0.726932,0.000000,0.290584,0.000000
-0.528771,0.000000,0.848765,0.000000,1.000000,0.000000,-0.848765,0.000000,-0.528771,0.730843,0.000000,0.287153,0.000000
-0.541533,0.000000,0.840679,0.000000,1.000000,0.000000,-0.840679,0.000000,-0.541533,0.734618,0.000000,0.283842,0.000000
-0.553712,0.000000,0.832708,0.000000,1.000000,0.000000,-0.832708,0.000000,-0.553712,0.738254,0.000000,0.280652,0.000000
-0.565316,0.000000,0.824875,0.000000,1.000000,0.000000,-0.824875,0.000000,-0.565316,0.741752,0.000000,0.277584,0.000000
-0.576353,0.000000,0.817201,0.000000,1.000000,0.000000,-0.817201,0.000000,-0.576353,0.745111,0.000000,0.274638,0.000000
-0.586834,0.000000,0.809707,0.000000,1.000000,0.000000,-0.809707,0.000000,-0.586834,0.748330,0.000000,0.271814,0.000000
-0.596769,0.000000,0.802413,0.000000,1.000000,0.000000,-0.802413,0.000000,-0.596769,0.751409,0.000000,0.269113,0.000000
-0.606170,0.000000,0.795335,0.000000,1.000000,0.000000,-0.795335,0.000000,-0.606170,0.754349,0.000000,0.266534,0.000000
-0.615047,0.000000,0.788490,0.000000,1.000000,0.000000,-0.788490,0.000000,-0.615047,0.757150,0.000000,0.264077,0.000000
-0.623413,0.000000,0.781892,0.000000,1.000000,0.000000,-0.781892,0.000000,-0.623413,0.759812,0.000000,0.261742,0.000000
-0.631280,0.000000,0.775555,0.000000,1.000000,0.000000,-0.775555,0.000000,-0.631280,0.762336,0.000000,0.259528,0.000000
-0.638661,0.000000,0.769488,0.000000,1.000000,0.000000,-0.769488,0.000000,-0.638661,0.764723,0.000000,0.257435,0.000000
-0.645569,0.000000,0.763702,0.000000,1.000000,0.000000,-0.763702,0.000000,-0.645569,0.766974,0.000000,0.255460,0.000000
-0.652016,0.000000,0.758205,0.000000,1.000000,0.000000,-0.758205,0.000000,-0.652016,0.769091,0.000000,0.253603,0.000000
-0.658017,0.000000,0.753003,0.000000,1.000000,0.000000,-0.753003,0.000000,-0.658017,0.771075,0.000000,0.251863,0.000000
-0.663585,0.000000,0.748101,0.000000,1.000000,0.000000,-0.748101,0.000000,-0.663585,0.772928,0.000000,0.250237,0.000000
-0.668733,0.000000,0.743502,0.000000,1.000000,0.000000,-0.743502,0.000000,-0.668733,0.774653,0.000000,0.248724,0.000000
-0.673477,0.000000,0.739208,0.000000,1.000000,0.000000,-0.739208,0.000000,-0.673477,0.776251,0.000000,0.247322,0.000000
-0.677829,0.000000,0.735220,0.000000,1.000000,0.000000,-0.735220,0.000000,-0.677829,0.777726,0.000000,0.246028,0.000000
-0.681805,0.000000,0.731534,0.000000,1.000000,0.000000,-0.731534,0.000000,-0.681805,0.779081,0.000000,0.244840,0.000000
-0.685418,0.000000,0.728149,0.000000,1.000000,0.000000,-0.728149,0.000000,-0.685418,0.780318,0.000000,0.243755,0.000000
-0.688685,0.000000,0.725061,0.000000,1.000000,0.000000,-0.725061,0.000000,-0.688685,0.781441,0.000000,0.242770,0.000000
-0.691618,0.000000,0.722263,0.000000,1.000000,0.000000,-0.722263,0.000000,-0.691618,0.782454,0.000000,0.241881,0.000000
-0.694235,0.000000,0.719748,0.000000,1.000000,0.000000,-0.719748,0.000000,-0.694235,0.783360,0.000000,0.241086,0.000000
-0.696550,0.000000,0.717508,0.000000,1.000000,0.000000,-0.717508,0.000000,-0.696550,0.784165,0.000000,0.240380,0.000000
-0.698580,0.000000,0.715532,0.000000,1.000000,0.000000,-0.715532,0.000000,-0.698580,0.784873,0.000000,0.239759,0.000000
-0.700339,0.000000,0.713810,0.000000,1.000000,0.000000,-0.713810,0.000000,-0.700339,0.785488,0.000000,0.239220,0.000000
-0.701847,0.000000,0.712328,0.000000,1.000000,0.000000,-0.712328,0.000000,-0.701847,0.786016,0.000000,0.238756,0.000000
-0.703118,0.000000,0.711073,0.000000,1.000000,0.000000,-0.711073,0.000000,-0.703118,0.786463,0.000000,0.238365,0.000000
-0.704172,0.000000,0.710029,0.000000,1.000000,0.000000,-0.710029,0.000000,-0.704172,0.786833,0.000000,0.238040,0.000000
-0.705026,0.000000,0.709181,0.000000,1.000000,0.000000,-0.709181,0.000000,-0.705026,0.787134,0.000000,0.237776,0.000000
-0.705700,0.000000,0.708511,0.000000,1.000000,0.000000,-0.708511,0.000000,-0.705700,0.787371,0.000000,0.237568,0.000000
-0.706212,0.000000,0.708000,0.000000,1.000000,0.000000,-0.708000,0.000000,-0.706212,0.787552,0.000000,0.237409,0.000000
-0.706584,0.000000,0.707629,0.000000,1.000000,0.000000,-0.707629,0.000000,-0.706584,0.787683,0.000000,0.237294,0.000000
-0.706837,0.000000,0.707377,0.000000,1.000000,0.000000,-0.707377,0.000000,-0.706837,0.787773,0.000000,0.237216,0.000000
-0.706992,0.000000,0.707222,0.000000,1.000000,0.000000,-0.707222,0.000000,-0.706992,0.787827,0.000000,0.237168,0.000000
-0.707072,0.000000,0.707141,0.000000,1.000000,0.000000,-0.707141,0.000000,-0.707072,0.787856,0.000000,0.237143,0.000000
-0.707102,0.000000,0.707111,0.000000,1.000000,0.000000,-0.707111,0.000000,-0.707102,0.787866,0.000000,0.237133,0.000000
-0.707107,0.000000,0.707107,0.000000,1.000000,0.000000,-0.707107,0.000000,-0.707107,0.787868,0.000000,0.237132,0.000000
-0.707107,0.000000,0.707107,0.000000,1.000000,0.000000,-0.707107,0.000000,-0.707107,0.787868,0.000000,0.237132,0.000000
-0.707107,0.000000,0.707107,0.000000,1.000000,0.000000,-0.707107,0.000000,-0.707107,0.787877,0.000000,0.237123,0.000000
-0.707107,0.000000,0.707107,0.000000,1.000000,0.000000,-0.707107,0.000000,-0.707107,0.787941,0.000000,0.237059,0.000000
-0.707107,0.000000,0.707107,0.000000,1.000000,0.000000,-0.707107,0.000000,-0.707107,0.788108,0.000000,0.236892,0.000000
-0.707107,0.000000,0.707107,0.000000,1.000000,0.000000,-0.707107,0.000000,-0.707107,0.788423,0.000000,0.236577,0.000000
-0.707107,0.000000,0.707107,0.000000,1.000000,0.000000,-0.707107,0.000000,-0.707107,0.788923,0.000000,0.236077,0.000000
-0.707107,0.000000,0.707107,0.000000,1.000000,0.000000,-0.707107,0.000000,-0.707107,0.789645,0.000000,0.235355,0.000000
-0.707107,0.000000,0.707107,0.000000,1.000000,0.000000,-0.707107,0.000000,-0.707107,0.790615,0.000000,0.234385,0.000000
-0.707107,0.000000,0.707107,0.000000,1.000000,0.000000,-0.707107,0.000000,-0.707107,0.791860,0.000000,0.233140,0.000000
-0.707107,0.000000,0.707107,0.000000,1.000000,0.000000,-0.707107,0.000000,-0.707107,0.793400,0.000000,0.231600,0.000000
-0.707107,0.000000,0.707107,0.000000,1.000000,0.000000,-0.707107,0.000000,-0.707107,0.795250,0.000000,0.229750,0.000000
-0.707107,0.000000,0.707107,0.000000,1.000000,0.000000,-0.707107,0.000000,-0.707107,0.797423,0.000000,0.227577,0.000000
-0.707107,0.000000,0.707107,0.000000,1.000000,0.000000,-0.707107,0.000000,-0.707107,0.799927,0.000000,0.225073,0.000000
-0.707107,0.000000,0.707107,0.000000,1.000000,0.000000,-0.707107,0.000000,-0.707107,0.802767,0.000000,0.222233,0.000000
-0.707107,0.000000,0.707107,0.000000,1.000000,0.000000,-0.707107,0.000000,-0.707107,0.805944,0.000000,0.219056,0.000000
-0.707107,0.000000,0.707107,0.000000,1.000000,0.000000,-0.707107,0.000000,-0.707107,0.809456,0.000000,0.215544,0.000000
-0.707107,0.000000,0.707107,0.000000,1.000000,0.000000,-0.707107,0.000000,-0.707107,0.813299,0.000000,0.211701,0.000000
-0.707107,0.000000,0.707107,0.000000,1.000000,0.000000,-0.707107,0.000000,-0.707107,0.817465,0.000000,0.207535,0.000000
-0.707107,0.000000,0.707107,0.000000,1.000000,0.000000,-0.707107,0.000000,-0.707107,0.821942,0.000000,0.203058,0.000000
-0.707107,0.000000,0.707107,0.000000,1.000000,0.000000,-0.707107,0.000000,-0.707107,0.826718,0.000000,0.198282,0.000000
-0.707107,0.000000,0.707107,0.000000,1.000000,0.000000,-0.707107,0.000000,-0.707107,0.831777,0.000000,0.193223,0.000000
-0.707107,0.000000,0.707107,0.000000,1.000000,0.000000,-0.707107,0.000000,-0.707107,0.837103,0.000000,0.187897,0.000000
-0.707107,0.000000,0.707107,0.000000,1.000000,0.000000,-0.707107,0.000000,-0.707107,0.842675,0.000000,0.182325,0.000000
-0.707107,0.000000,0.707107,0.000000,1.000000,0.000000,-0.707107,0.000000,-0.707107,0.848472,0.000000,0.176528,0.000000
-0.707107,0.000000,0.707107,0.000000,1.000000,0.000000,-0.707107,0.000000,-0.707107,0.854472,0.000000,0.170528,0.000000
-0.707107,0.000000,0.707107,0.000000,1.000000,0.000000,-0.707107,0.000000,-0.707107,0.860650,0.000000,0.164350,0.000000
-0.707107,0.000000,0.707107,0.000000,1.000000,0.000000,-0.707107,0.000000,-0.707107,0.866981,0.000000,0.158019,0.000000
-0.707107,0.000000,0.707107,0.000000,1.000000,0.000000,-0.707107,0.000000,-0.707107,0.873438,0.000000,0.151562,0.000000
-0.707107,0.000000,0.707107,0.000000,1.000000,0.000000,-0.707107,0.000000,-0.707107,0.879995,0.000000,0.145005,0.000000
-0.707107,0.000000,0.707107,0.000000,1.000000,0.000000,-0.707107,0.000000,-0.707107,0.886623,0.000000,0.138377,0.000000
-0.707107,0.000000,0.707107,0.000000,1.000000,0.000000,-0.707107,0.000000,-0.707107,0.893294,0.000000,0.131706,0.000000
-0.707107,0.000000,0.707107,0.000000,1.000000,0.000000,-0.707107,0.000000,-0.707107,0.899979,0.000000,0.125021,0.000000
-0.707107,0.000000,0.707107,0.000000,1.000000,0.000000,-0.707107,0.000000,-0.707107,0.906651,0.000000,0.118349,0.000000
-0.707107,0.000000,0.707107,0.000000,1.000000,0.000000,-0.707107,0.000000,-0.707107,0.913279,0.000000,0.111721,0.000000
-0.707107,0.000000,0.707107,0.000000,1.000000,0.000000,-0.707107,0.000000,-0.707107,0.919835,0.000000,0.105165,0.000000
-0.707107,0.000000,0.707107,0.000000,1.000000,0.000000,-0.707107,0.000000,-0.707107,0.926293,0.000000,0.098707,0.000000
-0.707107,0.000000,0.707107,0.000000,1.000000,0.000000,-0.707107,0.000000,-0.707107,0.932624,0.000000,0.092376,0.000000
-0.707107,0.000000,0.707107,0.000000,1.000000,0.000000,-0.707107,0.000000,-0.707107,0.938802,0.000000,0.086198,0.000000
-0.707107,0.000000,0.707107,0.000000,1.000000,0.000000,-0.707107,0.000000,-0.707107,0.944801,0.000000,0.080199,0.000000
-0.707107,0.000000,0.707107,0.000000,1.000000,0.000000,-0.707107,0.000000,-0.707107,0.950599,0.000000,0.074401,0.000000
-0.707107,0.000000,0.707107,0.000000,1.000000,0.000000,-0.707107,0.000000,-0.707107,0.956171,0.000000,0.068829,0.000000
-0.707107,0.000000,0.707107,0.000000,1.000000,0.000000,-0.707107,0.000000,-0.707107,0.961496,0.000000,0.063504,0.000000
-0.707107,0.000000,0.707107,0.000000,1.000000,0.000000,-0.707107,0.000000,-0.707107,0.966556,0.000000,0.058444,0.000000
-0.707107,0.000000,0.707107,0.000000,1.000000,0.000000,-0.707107,0.000000,-0.707107,0.971332,0.000000,0.053668,0.000000
-0.707107,0.000000,0.707107,0.000000,1.000000,0.000000,-0.707107,0.000000,-0.707107,0.975809,0.000000,0.049191,0.000000
-0.707107,0.000000,0.707107,0.000000,1.000000,0.000000,-0.707107,0.000000,-0.707107,0.979974,0.000000,0.045026,0.000000
-0.707107,0.000000,0.707107,0.000000,1.000000,0.000000,-0.707107,0.000000,-0.707107,0.983817,0.000000,0.041183,0.000000
-0.707107,0.000000,0.707107,0.000000,1.000000,0.000000,-0.707107,0.000000,-0.707107,0.987330,0.000000,0.037670,0.000000
-0.707107,0.000000,0.707107,0.000000,1.000000,0.000000,-0.707107,0.000000,-0.707107,0.990507,0.000000,0.034493,0.000000
-0.707107,0.000000,0.707107,0.000000,1.000000,0.000000,-0.707107,0.000000,-0.707107,0.993347,0.000000,0.031653,0.000000
-0.707107,0.000000,0.707107,0.000000,1.000000,0.000000,-0.707107,0.000000,-0.707107,0.995851,0.000000,0.029149,0.000000
-0.707107,0.000000,0.707107,0.000000,1.000000,0.000000,-0.707107,0.000000,-0.707107,0.998024,0.000000,0.026976,0.000000
-0.707107,0.000000,0.707107,0.000000,1.000000,0.000000,-0.707107,0.000000,-0.707107,0.999874,0.000000,0.025126,0.000000
-0.707107,0.000000,0.707107,0.000000,1.000000,0.000000,-0.707107,0.000000,-0.707107,1.001413,0.000000,0.023587,0.000000
-0.707107,0.000000,0.707107,0.000000,1.000000,0.000000,-0.707107,0.000000,-0.707107,1.002658,0.000000,0.022342,0.000000
-0.707107,0.000000,0.707107,0.000000,1.000000,0.000000,-0.707107,0.000000,-0.707107,1.003629,0.000000,0.021371,0.000000
-0.707107,0.000000,0.707107,0.000000,1.000000,0.000000,-0.707107,0.000000,-0.707107,1.004350,0.000000,0.020650,0.000000
-0.707107,0.000000,0.707107,0.000000,1.000000,0.000000,-0.707107,0.000000,-0.707107,1.004851,0.000000,0.020149,0.000000
-0.707107,0.000000,0.707107,0.000000,1.000000,0.000000,-0.707107,0.000000,-0.707107,1.005166,0.000000,0.019834,0.000000
-0.707107,0.000000,0.707107,0.000000,1.000000,0.000000,-0.707107,0.000000,-0.707107,1.005333,0.000000,0.019667,0.000000
-0.707107,0.000000,0.707107,0.000000,1.000000,0.000000,-0.707107,0.000000,-0.707107,1.005396,0.000000,0.019604,0.000000
-0.707107,0.000000,0.707107,0.000000,1.000000,0.000000,-0.707107,0.000000,-0.707107,1.005406,0.000000,0.019594,1.000000
-0.707107,0.000000,0.707107,0.000000,1.000000,0.000000,-0.707107,0.000000,-0.707107,1.005406,0.000000,0.019594,1.000000
-0.707107,0.000000,0.707107,0.000000,1.000000,0.000000,-0.707107,0.000000,-0.707107,1.005406,0.000000,0.019594,1.000000
-0.707107,0.000000,0.707107,0.000000,1.000000,0.000000,-0.707107,0.000000,-0.707107,1.005406,0.000000,0.019594,1.000000
-0.707107,0.000000,0.707107,0.000000,1.000000,0.000000,-0.707107,0.000000,-0.707107,1.005406,0.000000,0.019594,1.000000
-0.707107,0.000000,0.707107,0.000000,1.000000,0.000000,-0.707107,0.000000,-0.707107,1.005406,0.000000,0.019594,1.000000
-0.707107,0.000000,0.707107,0.000000,1.000000,0.000000,-0.707107,0.000000,-0.707107,1.005406,0.000000,0.019594,1.000000
-0.707107,0.000000,0.707107,0.000000,1.000000,0.000000,-0.707107,0.000000,-0.707107,1.005406,0.000000,0.019594,1.000000
-0.707107,0.000000,0.707107,0.000000,1.000000,0.000000,-0.707107,0.000000,-0.707107,1.005406,0.000000,0.019594,1.000000
-0.707107,0.000000,0.707107,0.000000,1.000000,0.000000,-0.707107,0.000000,-0.707107,1.005406,0.000000,0.019594,1.000000
-0.707107,0.000000,0.707107,0.000000,1.000000,0.000000,-0.707107,0.000000,-0.707107,1.005406,0.000000,0.019594,1.000000
-0.707107,0.000000,0.707107,0.000000,1.000000,0.000000,-0.707107,0.000000,-0.707107,1.005406,0.000000,0.019594,1.000000
-0.707107,0.000000,0.707107,0.000000,1.000000,0.000000,-0.707107,0.000000,-0.707107,1.005406,0.000000,0.019594,1.000000
-0.707107,0.000000,0.707107,0.000000,1.000000,0.000000,-0.707107,0.000000,-0.707107,1.005406,0.000000,0.019594,1.000000
-0.707107,0.000000,0.707107,0.000000,1.000000,0.000000,-0.707107,0.000000,-0.707107,1.005406,0.000000,0.019594,1.000000
-0.707107,0.000000,0.707107,0.000000,1.000000,0.000000,-0.707107,0.000000,-0.707107,1.005406,0.000000,0.019594,1.000000
-0.707107,0.000000,0.707107,0.000000,1.000000,0.000000,-0.707107,0.000000,-0.707107,1.005406,0.000000,0.019594,1.000000
-0.707107,0.000000,0.707107,0.000000,1.000000,0.000000,-0.707107,0.000000,-0.707107,1.005406,0.000000,0.019594,1.000000
-0.707107,0.000000,0.707107,0.000000,1.000000,0.000000,-0.707107,0.000000,-0.707107,1.005406,0.000000,0.019594,1.000000
-0.707107,0.000000,0.707107,0.000000,1.000000,0.000000,-0.707107,0.000000,-0.707107,1.005406,0.000000,0.019594,1.000000
-0.707107,0.000000,0.707107,0.000000,1.000000,0.000000,-0.707107,0.000000,-0.707107,1.005406,0.000000,0.019594,1.000000
-0.707107,0.000000,0.707107,0.000000,1.000000,0.000000,-0.707107,0.000000,-0.707107,1.005406,0.000000,0.019594,1.000000
-0.707107,0.000000,0.707107,0.000000,1.000000,0.000000,-0.707107,0.000000,-0.707107,1.005406,0.000000,0.019594,1.000000
-0.707107,0.000000,0.707107,0.000000,1.000000,0.000000,-0.707107,0.000000,-0.707107,1.005406,0.000000,0.019594,1.000000
-0.707107,0.000000,0.707107,0.000000,1.000000,0.000000,-0.707107,0.000000,-0.707107,1.005406,0.000000,0.019594,1.000000
-0.707107,0.000000,0.707107,0.000000,1.000000,0.000000,-0.707107,0.000000,-0.707107,1.005406,0.000000,0.019594,1.000000
-0.707107,0.000000,0.707107,0.000000,1.000000,0.000000,-0.707107,0.000000,-0.707107,1.005406,0.000000,0.019594,1.000000
-0.707107,0.000000,0.707107,0.000000,1.000000,0.000000,-0.707107,0.000000,-0.707107,1.005406,0.000000,0.019594,1.000000
-0.707107,0.000000,0.707107,0.000000,1.000000,0.000000,-0.707107,0.000000,-0.707107,1.005406,0.000000,0.019594,1.000000
-0.707107,0.000000,0.707107,0.000000,1.000000,0.000000,-0.707107,0.000000,-0.707107,1.005406,0.000000,0.019594,1.000000
-0.707107,0.000000,0.707107,0.000000,1.000000,0.000000,-0.707107,0.000000,-0.707107,1.005406,0.000000,0.019594,1.000000
-0.707107,0.000000,0.707107,0.000000,1.000000,0.000000,-0.707107,0.000000,-0.707107,1.005406,0.000000,0.019594,1.000000
-0.707107,0.000000,0.707107,0.000000,1.000000,0.000000,-0.707107,0.000000,-0.707107,1.005406,0.000000,0.019594,1.000000
-0.707107,0.000000,0.707107,0.000000,1.000000,0.000000,-0.707107,0.000000,-0.707107,1.005406,0.000000,0.019594,1.000000
-0.707107,0.000000,0.707107,0.000000,1.000000,0.000000,-0.707107,0.000000,-0.707107,1.005406,0.000000,0.019594,1.000000
-0.707107,0.000000,0.707107,0.000000,1.000000,0.000000,-0.707107,0.000000,-0.707107,1.005406,0.000000,0.019594,1.000000
-0.707107,0.000000,0.707107,0.000000,1.000000,0.000000,-0.707107,0.000000,-0.707107,1.005406,0.000000,0.019594,1.000000
-0.707107,0.000000,0.707107,0.000000,1.000000,0.000000,-0.707107,0.000000,-0.707107,1.005406,0.000000,0.019594,1.000000
-0.707107,0.000000,0.707107,0.000000,1.000000,0.000000,-0.707107,0.000000,-0.707107,1.005406,0.000000,0.019594,1.000000
-0.707107,0.000000,0.707107,0.000000,1.000000,0.000000,-0.707107,0.000000,-0.707107,1.005406,0.000000,0.019594,1.000000
-0.707107,0.000000,0.707107,0.000000,1.000000,0.000000,-0.707107,0.000000,-0.707107,1.005406,0.000000,0.019594,1.000000
-0.707107,0.000000,0.707107,0.000000,1.000000,0.000000,-0.707107,0.000000,-0.707107,1.005406,0.000000,0.019594,1.000000
-0.707107,0.000000,0.707107,0.000000,1.000000,0.000000,-0.707107,0.000000,-0.707107,1.005406,0.000000,0.019594,1.000000
-0.707107,0.000000,0.707107,0.000000,1.000000,0.000000,-0.707107,0.000000,-0.707107,1.005406,0.000000,0.019594,1.000000
-0.707107,0.000000,0.707107,0.000000,1.000000,0.000000,-0.707107,0.000000,-0.707107,1.005406,0.000000,0.019594,1.000000
-0.707107,0.000000,0.707107,0.000000,1.000000,0.000000,-0.707107,0.000000,-0.707107,1.005406,0.000000,0.019594,1.000000
-0.707107,0.000000,0.707107,0.000000,1.000000,0.000000,-0.707107,0.000000,-0.707107,1.005406,0.000000,0.019594,1.000000
-0.707107,0.000000,0.707107,0.000000,1.000000,0.000000,-0.707107,0.000000,-0.707107,1.005406,0.000000,0.019594,1.000000
-0.707107,0.000000,0.707107,0.000000,1.000000,0.000000,-0.707107,0.000000,-0.707107,1.005406,0.000000,0.019594,1.000000
-0.707107,0.000000,0.707107,0.000000,1.000000,0.000000,-0.707107,0.000000,-0.707107,1.005406,0.000000,0.019594,1.000000
-0.707107,0.000000,0.707107,0.000000,1.000000,0.000000,-0.707107,0.000000,-0.707107,1.005406,0.000000,0.019594,1.000000
-0.707107,0.000000,0.707107,0.000000,1.000000,0.000000,-0.707107,0.000000,-0.707107,1.005406,0.000000,0.019594,1.000000
-0.707107,0.000000,0.707107,0.000000,1.000000,0.000000,-0.707107,0.000000,-0.707107,1.005406,0.000000,0.019594,1.000000
-0.707107,0.000000,0.707107,0.000000,1.000000,0.000000,-0.707107,0.000000,-0.707107,1.005406,0.000000,0.019594,1.000000
-0.707107,0.000000,0.707107,0.000000,1.000000,0.000000,-0.707107,0.000000,-0.707107,1.005406,0.000000,0.019594,1.000000
-0.707107,0.000000,0.707107,0.000000,1.000000,0.000000,-0.707107,0.000000,-0.707107,1.005406,0.000000,0.019594,1.000000
-0.707107,0.000000,0.707107,0.000000,1.000000,0.000000,-0.707107,0.000000,-0.707107,1.005406,0.000000,0.019594,1.000000
-0.707107,0.000000,0.707107,0.000000,1.000000,0.000000,-0.707107,0.000000,-0.707107,1.005406,0.000000,0.019594,1.000000
-0.707107,0.000000,0.707107,0.000000,1.000000,0.000000,-0.707107,0.000000,-0.707107,1.005406,0.000000,0.019594,1.000000
-0.707107,0.000000,0.707107,0.000000,1.000000,0.000000,-0.707107,0.000000,-0.707107,1.005406,0.000000,0.019594,1.000000
-0.707107,0.000000,0.707107,0.000000,1.000000,0.000000,-0.707107,0.000000,-0.707107,1.005406,0.000000,0.019594,1.000000
-0.707107,0.000000,0.707107,0.000000,1.000000,0.000000,-0.707107,0.000000,-0.707107,1.005406,0.000000,0.019594,1.000000
-0.707107,0.000000,0.707107,0.000000,1.000000,0.000000,-0.707107,0.000000,-0.707107,1.005406,0.000000,0.019594,1.000000
-0.707107,0.000000,0.707107,0.000000,1.000000,0.000000,-0.707107,0.000000,-0.707107,1.005406,0.000000,0.019594,1.000000
-0.707107,0.000000,0.707107,0.000000,1.000000,0.000000,-0.707107,0.000000,-0.707107,1.005406,0.000000,0.019594,1.000000
-0.707107,0.000000,0.707107,0.000000,1.000000,0.000000,-0.707107,0.000000,-0.707107,1.005396,0.000000,0.019604,1.000000
-0.707107,0.000000,0.707107,0.000000,1.000000,0.000000,-0.707107,0.000000,-0.707107,1.005333,0.000000,0.019667,1.000000
-0.707107,0.000000,0.707107,0.000000,1.000000,0.000000,-0.707107,0.000000,-0.707107,1.005166,0.000000,0.019834,1.000000
-0.707107,0.000000,0.707107,0.000000,1.000000,0.000000,-0.707107,0.000000,-0.707107,1.004851,0.000000,0.020149,1.000000
-0.707107,0.000000,0.707107,0.000000,1.000000,0.000000,-0.707107,0.000000,-0.707107,1.004350,0.000000,0.020650,1.000000
-0.707107,0.000000,0.707107,0.000000,1.000000,0.000000,-0.707107,0.000000,-0.707107,1.003629,0.000000,0.021371,1.000000
-0.707107,0.000000,0.707107,0.000000,1.000000,0.000000,-0.707107,0.000000,-0.707107,1.002658,0.000000,0.022342,1.000000
-0.707107,0.000000,0.707107,0.000000,1.000000,0.000000,-0.707107,0.000000,-0.707107,1.001413,0.000000,0.023587,1.000000
-0.707107,0.000000,0.707107,0.000000,1.000000,0.000000,-0.707107,0.000000,-0.707107,0.999874,0.000000,0.025126,1.000000
-0.707107,0.000000,0.707107,0.000000,1.000000,0.000000,-0.707107,0.000000,-0.707107,0.998024,0.000000,0.026976,1.000000
-0.707107,0.000000,0.707107,0.000000,1.000000,0.000000,-0.707107,0.000000,-0.707107,0.995851,0.000000,0.029149,1.000000
-0.707107,0.000000,0.707107,0.000000,1.000000,0.000000,-0.707107,0.000000,-0.707107,0.993347,0.000000,0.031653,1.000000
-0.707107,0.000000,0.707107,0.000000,1.000000,0.000000,-0.707107,0.000000,-0.707107,0.990507,0.000000,0.034493,1.000000
-0.707107,0.000000,0.707107,0.000000,1.000000,0.000000,-0.707107,0.000000,-0.707107,0.987330,0.000000,0.037670,1.000000
-0.707107,0.000000,0.707107,0.000000,1.000000,0.000000,-0.707107,0.000000,-0.707107,0.983817,0.000000,0.041183,1.000000
-0.707107,0.000000,0.707107,0.000000,1.000000,0.000000,-0.707107,0.000000,-0.707107,0.979974,0.000000,0.045026,1.000000
-0.707107,0.000000,0.707107,0.000000,1.000000,0.000000,-0.707107,0.000000,-0.707107,0.975809,0.000000,0.049191,1.000000
-0.707107,0.000000,0.707107,0.000000,1.000000,0.000000,-0.707107,0.000000,-0.707107,0.971332,0.000000,0.053668,1.000000
-0.707107,0.000000,0.707107,0.000000,1.000000,0.000000,-0.707107,0.000000,-0.707107,0.966556,0.000000,0.058444,1.000000
-0.707107,0.000000,0.707107,0.000000,1.000000,0.000000,-0.707107,0.000000,-0.707107,0.961496,0.000000,0.063504,1.000000
-0.707107,0.000000,0.707107,0.000000,1.000000,0.000000,-0.707107,0.000000,-0.707107,0.956171,0.000000,0.068829,1.000000
-0.707107,0.000000,0.707107,0.000000,1.000000,0.000000,-0.707107,0.000000,-0.707107,0.950599,0.000000,0.074401,1.000000
-0.707107,0.000000,0.707107,0.000000,1.000000,0.000000,-0.707107,0.000000,-0.707107,0.944801,0.000000,0.080199,1.000000
-0.707107,0.000000,0.707107,0.000000,1.000000,0.000000,-0.707107,0.000000,-0.707107,0.938802,0.000000,0.086198,1.000000
-0.707107,0.000000,0.707107,0.000000,1.000000,0.000000,-0.707107,0.000000,-0.707107,0.932624,0.000000,0.092376,1.000000
-0.707107,0.000000,0.707107,0.000000,1.000000,0.000000,-0.707107,0.000000,-0.707107,0.926293,0.000000,0.098707,1.000000
-0.707107,0.000000,0.707107,0.000000,1.000000,0.000000,-0.707107,0.000000,-0.707107,0.919835,0.000000,0.105165,1.000000
-0.707107,0.000000,0.707107,0.000000,1.000000,0.000000,-0.707107,0.000000,-0.707107,0.913279,0.000000,0.111721,1.000000
-0.707107,0.000000,0.707107,0.000000,1.000000,0.000000,-0.707107,0.000000,-0.707107,0.906651,0.000000,0.118349,1.000000
-0.707107,0.000000,0.707107,0.000000,1.000000,0.000000,-0.707107,0.000000,-0.707107,0.899979,0.000000,0.125021,1.000000
-0.707107,0.000000,0.707107,0.000000,1.000000,0.000000,-0.707107,0.000000,-0.707107,0.893294,0.000000,0.131706,1.000000
-0.707107,0.000000,0.707107,0.000000,1.000000,0.000000,-0.707107,0.000000,-0.707107,0.886623,0.000000,0.138377,1.000000
-0.707107,0.000000,0.707107,0.000000,1.000000,0.000000,-0.707107,0.000000,-0.707107,0.879995,0.000000,0.145005,1.000000
-0.707107,0.000000,0.707107,0.000000,1.000000,0.000000,-0.707107,0.000000,-0.707107,0.873438,0.000000,0.151562,1.000000
-0.707107,0.000000,0.707107,0.000000,1.000000,0.000000,-0.707107,0.000000,-0.707107,0.866981,0.000000,0.158019,1.000000
-0.707107,0.000000,0.707107,0.000000,1.000000,0.000000,-0.707107,0.000000,-0.707107,0.860650,0.000000,0.164350,1.000000
-0.707107,0.000000,0.707107,0.000000,1.000000,0.000000,-0.707107,0.000000,-0.707107,0.854472,0.000000,0.170528,1.000000
-0.707107,0.000000,0.707107,0.000000,1.000000,0.000000,-0.707107,0.000000,-0.707107,0.848472,0.000000,0.176528,1.000000
-0.707107,0.000000,0.707107,0.000000,1.000000,0.000000,-0.707107,0.000000,-0.707107,0.842675,0.000000,0.182325,1.000000
-0.707107,0.000000,0.707107,0.000000,1.000000,0.000000,-0.707107,0.000000,-0.707107,0.837103,0.000000,0.187897,1.000000
-0.707107,0.000000,0.707107,0.000000,1.000000,0.000000,-0.707107,0.000000,-0.707107,0.831777,0.000000,0.193223,1.000000
-0.707107,0.000000,0.707107,0.000000,1.000000,0.000000,-0.707107,0.000000,-0.707107,0.826718,0.000000,0.198282,1.000000
-0.707107,0.000000,0.707107,0.000000,1.000000,0.000000,-0.707107,0.000000,-0.707107,0.821942,0.000000,0.203058,1.000000
-0.707107,0.000000,0.707107,0.000000,1.000000,0.000000,-0.707107,0.000000,-0.707107,0.817465,0.000000,0.207535,1.000000
-0.707107,0.000000,0.707107,0.000000,1.000000,0.000000,-0.707107,0.000000,-0.707107,0.813299,0.000000,0.211701,1.000000
-0.707107,0.000000,0.707107,0.000000,1.000000,0.000000,-0.707107,0.000000,-0.707107,0.809456,0.000000,0.215544,1.000000
-0.707107,0.000000,0.707107,0.000000,1.000000,0.000000,-0.707107,0.000000,-0.707107,0.805944,0.000000,0.219056,1.000000
-0.707107,0.000000,0.707107,0.000000,1.000000,0.000000,-0.707107,0.000000,-0.707107,0.802767,0.000000,0.222233,1.000000
-0.707107,0.000000,0.707107,0.000000,1.000000,0.000000,-0.707107,0.000000,-0.707107,0.799927,0.000000,0.225073,1.000000
-0.707107,0.000000,0.707107,0.000000,1.000000,0.000000,-0.707107,0.000000,-0.707107,0.797423,0.000000,0.227577,1.000000
-0.707107,0.000000,0.707107,0.000000,1.000000,0.000000,-0.707107,0.000000,-0.707107,0.795250,0.000000,0.229750,1.000000
